proj:       1
zone:       30
north:      1055827.53759876
south:      975209.33759876
east:       232504.32667924
west:       186479.82667924
cols:       1509
rows:       2626
e-w resol:  30.5
n-s resol:  30.7
format:     -1
compressed: 2
