proj:       1
zone:       30
north:      1055827.53759876
south:      975209.33759876
east:       232504.32667924
west:       186479.82667924
cols:       1509
rows:       2626
e-w resol:  30.5
n-s resol:  30.7
top:        1.000000000000000
bottom:     0.000000000000000
cols3:      1509
rows3:      2626
depths:     1
e-w resol3: 30.5
n-s resol3: 30.7
t-b resol:  1
